[VERSION]
major = 1
minor = 0

[WEIGHT_AND_BALANCE]
max_number_of_stations = 20 ; 2 crew + 16 passengers + 2 cargo
station_load.0 = 0,14.088318,2.247238,0.096804,TT:MENU.PAYLOAD.PASSENGER_01,3
station_load.1 = 0,26.602620,-2.701447,0.096804,TT:MENU.PAYLOAD.PASSENGER_02,3
station_load.2 = 0,29.069279,-3.840025,0.096804,TT:MENU.PAYLOAD.PASSENGER_03,3
station_load.3 = 0,0.847972,0.832434,0.096804,TT:MENU.PAYLOAD.PASSENGER_04,3
station_load.4 = 0,15.489468,1.145813,0.096804,TT:MENU.PAYLOAD.PASSENGER_05,3
station_load.5 = 0,12.518701,1.145813,0.096804,TT:MENU.PAYLOAD.PASSENGER_06,3
station_load.6 = 0,-24.806475,-1.046562,0.096804,TT:MENU.PAYLOAD.PASSENGER_07,3
station_load.7 = 0,-2.119750,0.593939,0.096804,TT:MENU.PAYLOAD.PASSENGER_08,3
station_load.8 = 0,-17.305550,-1.529947,0.096804,TT:MENU.PAYLOAD.PASSENGER_09,3
station_load.9 = 0,-41.753026,1.929655,0.096804,TT:MENU.PAYLOAD.PASSENGER_10,3
station_load.10 = 0,-19.956644,3.746508,0.096804,TT:MENU.PAYLOAD.PASSENGER_11,3
station_load.11 = 0,-32.851418,-2.730340,0.096804,TT:MENU.PAYLOAD.PASSENGER_12,3
; Experimental mirrored seats. Tune these with the matching navigation-graph positions.
station_load.12 = 0,14.088318,-2.247238,0.096804,TT:MENU.PAYLOAD.PASSENGER_13,3
station_load.13 = 0,-19.956644,-3.746508,0.096804,TT:MENU.PAYLOAD.PASSENGER_14,3
station_load.14 = 0,-32.851418,2.730340,0.096804,TT:MENU.PAYLOAD.PASSENGER_15,3
station_load.15 = 0,-41.753026,-1.929655,0.096804,TT:MENU.PAYLOAD.PASSENGER_16,3
